M1:
  outer:
    clear: True
    thetaMin: 0.000
    thetaMax: 0.500
    center: [2.076026729531034e-11, -5.278818747885650e-09, 7.820600685504354e-08, -3.864635858285023e-07]
    radius: [1.101667234650869e-12, 1.573918269328912e-12, 3.678174699352177e-13, 4.180000000006505e+00]
  inner:
    clear: False
    thetaMin: 0.000
    thetaMax: 0.500
    center: [1.954104677283022e-05, -1.735089023595944e-05, -4.787948027740017e-03, -2.960353642101228e-07]
    radius: [-8.473665150675940e-11, -3.444044230398091e-08, -6.594628569503431e-11, 2.558000000004362e+00]
L1_entrance:
  outer:
    clear: True
    thetaMin: 0.339
    thetaMax: 0.500
    center: [-3.629850179787501e-01, -2.017898684410960e+00, -4.173540569223398e+00, -3.334845773339336e-02]
    radius: [5.288763300576218e-01, -2.022955717270300e-01, 1.102287256884654e-01, 5.836734100265865e+00]
