M1:
  outer:
    clear: True
    thetaMin: 0.000
    thetaMax: 0.500
    center: [2.0852005744136376e-11, -5.278908346948412e-09, 7.820602956309655e-08, -3.864635868972848e-07]
    radius: [6.785651992282015e-13, 1.9175609364724235e-12, 2.943817424174975e-13, 4.18000000000651]
  inner:
    clear: False
    thetaMin: 0.000
    thetaMax: 0.500
    center: [1.0525172214862632e-05, -9.496914874097807e-06, -0.004789944719852366, -1.60441957363394e-07]
    radius: [6.994175202613797e-11, -3.45752948813223e-08, -3.16637069826219e-11, 2.558000000002042]
L1_entrance:
  outer:
    clear: True
    thetaMin: 0.356
    thetaMax: 0.500
    center: [-0.1825989916832634, -2.2266404933383632, -4.048795178115615, -0.04369095875862002]
    radius: [0.33985838090129583, -0.002730653501520394, 0.052810394957802695, 5.919608098000143]